40 Erler, 11161-11111. 0616161611 11. 161161611166. ne. 666661111611111.

regeln 163631616 61166 (16111 11 161 816116111113 Palermo‘e 1611 J. 1423
11161 6161 1661611616116111161161611 36111636 111 116 11161, 111
1161616111611 1161116111). Am 1611611161 1428 66111116 611 111113-
116161 Befehl 166 Wohnen in 1611 (116116 111166 1163611661116161616
ein. anleieh 111161111611161131616136611161. 1116116116 jndieehe
16111611611111 1611161116161 Summen Golden 611613166115.161161
, 1430 161 1111161111 161 1611161 1166616361. 116166 111116 611116 Klage
, 1611116111 01136111 im J. 1433, 1666 116 16611161 61611-161611116161
1161611616111361 1161136161 11111113161,“116661 Miesbreneh der Be-
61161361611161 100 111161 311616 16116161. 11636361 1111661216
1611611435 1661611111, dees 116 11616166111161161 1116111Ρ6161116
durch 1161113113 166 161161 1116161616 6161 116 11116616 1161111161 11
1166161 111161 (S. 495 1.).
111 16116 (1443111) 1444 161611 6161 16111. 16161166 0661611611
616 6116111616116361611 31611161, 111 116 1116116161 113616361161161
nn ordnen, 16161616161 36361 116 111611111361 111 1161111616 161
11161 616116116161). Im 16116 1449 11116 6116 1111616161113 36361
116 11161 6113616111. »Men 1611616 166 11161616 111 6116161 (111161-
· 116161116111111.ι 41161161611661616161111200011161166111161161.
16 1661 161 diesem 1166111666 611161161 616 11611 1116161111161166116,
1. Β. 116 medicinienhe Ρ1611611161 161 01116161 61611111616111161
’ [11Ρ6161116366161161, 6166611611 166 1116116111161161. 11111106-
· 16161 1452 nunde 11161 116 6116 1116161113 1161611611, 1666 616 111
161111161161161 161 vom 1111136 61136661116111161161111611161161661613).
1166 1166161, welches den 6136116316111161 116 1611611113 166 111136
36111116, 61661161 am 11. August 1453 ; es 1661111316 116 116611 zum
Beeitze 1611163611610111161111 161161 11161 num Kirchenbesnehe
6161 zum 11111161 611161116161 Ρ16113161 11 11113611 6161 1111161161-
, gegeben, 16111616 161111611136111 161 synagogen, ohne 1111636 161
dem 1111316161 Commissarine, vorennehmen (S. 496 1.). ’
Den Jnden 11 16161116 16111116116 14111616 111 1611614536111116
Β6661116116,1666 616, 6111611 111 161 161116116111611161111161113, 161
1 1161161 Theil der 61111166161 1136161 116361 11166161, 111 Β6111636-
Quantum nm 3611666111. Im 3161616116116 1611 11 11666116 1166161
“ 61111116 41661111666113 1161116161 11161 1611161116161 16111611 61611.
1161111611 1116611116, 116 16161 dem 061111661611166161 eine Sy·
· negoge 116161 Β63111116611611 6111611161 hatten, 1611111161 111113 111
16116 1455, 61111161116161611113, 1611611 16116361, 116111 16116
1455 6116 111611 11161 616 1616611616161 111116161611611611 1611161,
· 1111611161, 11 1611616166611113, 1666 616· 6116 11616116111166166
’06111111161116111611161, 1661 6116111 (1666116 vom 161161400, 166
16131616161 161116161, 161 Ρ166666 36116611, 111 61661 16161 111 Habe
t 1) 61161116 universitatis Ρ116111116166,« 161 (11696116, 1861111. 161.
Magon« 2, pl 537; 6. 066661 S. 144, 1. 93. ’
· 2) »Ante Sanctorum« 061. 1. 10, p. 291. 11116166 161 11611613636161,
3) 01116 (1611611611111611161 11661116 116111611161, 6611611 616 16-
61611, 6113611611 1616113616161 worden, 6161 61 1166 111 111 1161611116 3611, Ι

1111616161 11611161 1111613636161. ,

 

