111. 111-11111111. 111. 1111· 1111. 11111111111111111. ,447

Ζ111111111111 1111111111 1111111115. 1111111111 Β1111111111111
11 1111111 , ’

’ ’· Ο. 11111111111111111

14. (1111111 11111 11111111111111 1111111111111111111111 1111
111 0111111111111) 1111111 1111111111111 1111111111 1111111111 11111-
11111111111.

15 111111111111111111111111111 111 8111111111 111 Re·
111111111111111111111111111Ρ11111111, 11111 1111 111111111 111111,
11111111111101111111111111111,1111111111111 11111 111111 11111111
111111111111 111 1111 (111111111111 1111111111 111111 1111111111.

111111111111111111111 1111111 1111 11111111 1111111111 1111
1111111111 11 111111111111111111111 111 11111111111111111111111-
111111111111 1111111111

17. Η1111101111111111111111111111111111111111111111
11111111111111111111111111111111111111, 11 111111111111111111,
1111111111111111111111111 111111111111111111111111111111,111 Re·
111111 111 11111111 11111111 dem 111111111111111111 (11111111 11111 1111-
’1111111111,11111111111,111,1111111111111111111111111),1111111
11111111111111111Η1111η11111111111111111111111,111 11111111
11111111 1111 1111111111111 11111 (1111111111 1111111111111111111111111.

18 Η1111111111111111 111111111111111111111 (1111111111 111111111- ¹
11111111, 111 1111111111111111111111111111 (1.5)

ΙΙΙ. Ρ11111911111 prmum

1. 111111111111111 11111111 111 1111 1111 1111111111,

2. 111111111111111 111111111111111111 1111111111111, ob 111
11111111 1111 111111111111111111 11111111 11111111 111111 0111111 111111
iiber 111 1111111111 111 111111111 1111111111 11111111111118111111
1111111, dass 11 11111 1111111111 1111 1111111 111 1111111111 111-
111111111111111 111111111 111111

3. An dieser Pru ung 1111 1111111( 111 Ρ11111 111 111111-
11111111, 111 11111111111Ρ11111111111111111111,111 1111111111 11111,

111111111111111 111 111111111 1111 111111111 111111111111111111111
111111

ἓ4. 1111111111 111 (1111111111111 111 111111111111111 111111.
111111111111111111, 111111111111 Ρ11111 111 1111111111 1111111111
11111 1111111111 111 1111111111 1111111 11 ’11111111111111 7. 11.
17. 11111111111 1111111111 dem 0111111111 11111111 11111111 11111111

11111111, 111 111 ihm 1111111111 111111111111111 111 1111111111111
1111111111 11 111111.

 

