332 1131313111,11133131131313133 [13311. 1113631311. (1881).

11311113 3131 113113111311313 131 (131311113113 131131131 13111111-
131113113133313111331131111313113113333131 331; 33 331 1133
31131113331331131311111333313, 131313 1331 131 31311131113131
1313111111 11111. 13. Abs, 1111. 3. 133 1133 vom 8. Aug. 1878
1311131311131311 133 131131131333311311313133 31111111 sei. ,(131
Archiv 1881 S. 145.)

5. 1113131131] vom 7. 133. 1881 (8311131313 Β1. ΙΙ. S. 436 ff). ἱ

Wenn in einer Gemeinsle auf (113111331113311311111113131
11313313313331311131131133-131313311333 131· 1111311131 111 Aus-
gaben und der 11311 3311113131 313313311313111131 3331111131 111
1331331331 133311113131 13311113311111133313113131 werden und
ein 11113331-1113111331 33133 1131131113 31 113331 [11313331 11131 ‚

' 13311133113131Β33131311113·,133 131313311333 111 1311331111331

1311313311, 3313313113 8131133313 131, 13131 11113313113131331
131333311113131111331111131 iiber das 131131131331331111313 131-
131131, 331111 131 13111313133131113 durch 1311311311113313311-
lichen 83131 1331113111131-111111131311311311111311 31131331 131.

1131Μ11131131311113113313 Hoffmann von 131 1131111113
1333113113 3131 1111 11113313 vom 21. Sept. 18791311] Β31111331113
113133111313113 1311131 13311113331311331 131 (131131113- 111
831111333313311113131(1131311131 11111878, 1111131131 11131 31
3131 313 (131311131313133 1131111113313111311311311133133113111113,
111 131, 133 1311113311 13113 133 (1331311313 zur 1113111331311113131
113311113131111331, 33113 113 (13113111313113111131311 Rfickersatz
des von ihm zu viel 311131313111111333113113333 11131131. Der An·
1133 13113 3133113331, weil Η311113113311311111311133133331113
331131111131311331111331 11311 111311311 131 11311113131111333
1313311313113131, 331331 113 113333111311333113331131131331111
1313 111 113 11331131311133111133113133113111111311133111131
33131. 131 113 1333113113 311131. 1133131113 131 1111311131131
vom 18. Dec. 1870 311331131 11333 21, April 1880 111 3113311333.

11311311311313333113113131·3111331131, 113 111133111333313 131113, <

3131113331 3113113131311 131 1133313131131 113 3313111311313-
133131113 131 13131113131 111313311331331 13113111113111 Be-
’33131131311113133131131331 Der 11. 1133131113 1113 eine nach
111. 8. 1111. 30 311 38 des Ges. v. 8. Aug. 1878 313 1311311133-
113311333313 3111311381131133313 zur 111331311313131. Β31131131-
, 1133311 1311311113313111113131113111 133 13113111313131111111-
331311113 131331333131 8113113333131311331111333113 1131131131,

131 1311133 1113113133113331111 131131131113 Β3311111131331133 ἕ

 

