111333131, 1113131333. 1331133131111313, 111133133313333331.1113313. 295

1313 13333111333333 1333131131 werden 113313, 333 33313333133333
33133 einzelnen 11311333 331 dem 1113311333, dass 3331331131331 ·
313113331331113333133 sei, mehr 313 3331311311 33313133, 11333
3133 3131133113111311313 3313. 1331 1331133333333333 13331-
333333 331 131 13333133 11331113133 Η331133333 131 Η331331133 13
133 333333133133 1113313 3311333313133 13113331311131131133 33-
331313 131333 133313333131333 31333313 1133113333.

11133333Ι 11333 Aesrenrunyen 133 (131131131313111, 33 3131
1 113 1313331333, 1333 333 33131313 331 13 3133333 1331331331131333
. 33131313 11313133 333 13311331133333 13 , dem 3333113133 11113133-
,13313 331131133 33133, 1313331 31113 1133 33313111, 1333 133
[1311311 331131333 33313313113113313 Besenheim 13331, 3133 der

' 13133 133 Saehe 3313133 3331 nur 33131313 13311331133333 331 ’

1113313331 (1333311113 131 xihnen verkommen 1333133. Wenn 133
1131131133113313133311, 1333 13 einem 1311333333 3331133 3311313
,131333 333 13311333 3313313131 [13133133 3331 durch 1333133113
11333133 33113331 133113331133333 ’3331333313333 werden sei; 33
1331133333 deon 31311 33331133333 3333133, 1333 331313 1133113331

3131113 1333333331133133113313 vorgekemmen seien, noch 33331333 ·

3133, 1333113 1131131133 33 einer 1333311333 1133331333 13133 Be·
3331113333 331311 hatten. Denn wegen der geringen 133311 133-

· 331133 113333 33 3131 33133 selben 133133 333313133 3313, 331333

333133 331313, 313 113 133333 333333133, 13 Hense 3333131131, was
113113113133133, 33333 113 1331313 113 Winbermonate fiel, 333111131
, vem (1313113133 133133333 1333133, 333131311313113133 Wege 33-
33331333, (1333, 33333 3331 1331133113333313 1333311331331311-
fenden, genade 113333 11331331 131 dem 11313333 1313311331331331
der Pfarrei 11331313 welche 113 133331313331131131133 33111806
3133331331 3131, 333 dem (1313113133313111333313333331131333313,”
weil 3333 3131 31311 3313311313333, 3313133 331 131333, stand
3311313311311133 111333, 1331133333 133 11311333 331 1133333,
81331 331 11313331 133 Ρ31133, 333313 13113310311331131331331 ,
der 13313 33 331131133 hat, 33131131131131. Uebrigens 1333133113 “
Α Κ31131133333113333 1133113113 13313313133 331331133 113313

3333313333 33 133333, (13113331 3333133 oder 31311, 3133 13331311 ,

113 113311 3313333113 3133 113 1333311333 33 1333133133, 1333 313
3311133 1313331333 3333131131111133, 13 313 3313133 1331311313- .
male vermnthet wind, sondern erwiesen werden-mnes, Dies 331-
3331311 1133 33311333 Begriffe und Wesen des 8133313333333, wie

31313331113Β331131333333 133 1313133333133 331 3333331131 13
1111, 1. XXXI. 331 XXXII. des 33313111133133 13131333 33133-

 

