111111.
” · 9
119 9991991199 [hon in 1199991191-191199199
’ ⁴ von 119. Ρ1911911199. 8991999191 19 (1991999999.

,1119 19119199191 11911391, υ. 6919191, 19911911191119199111911199 im
11931199. 099919, 191191191919 9199 Ρ19199199119. 111 191199319999199119119-

, Ι11991991’1191191,1999 119991119 9991 1919 01119119 9991 11191119111999, 9919919193

9191 91911, (1999 191919 9991 99919199’1199993191911999191991991199199

· Ρ99191191399 99119. 1111 1119191911 191991, 1999 991 9991 9199 919199199119919
-- ’1199993 91191399 sollte, 191991391191911911. 1191191119 1911. ’1199993991
· 9991 191 vom 1119113999 9919191191 99393993999 11911191911993-199199

199919191991119119 191919. Denn durch 9199111919199119993 191 9199 191

ἱ , 191111999931919993919919 91919991191399199191911991199191199993111911-

111119119199 991 991 1999 919919 1919 99111199191111 3991191191, 9999 99991
’11911139111919 (1111131911 1911119 91911 99 91199399 virm 9999 191 99191919

, ”1’9119’913999199 9199 919119119919 ’1199993 91991 3991991199 Ehe 1919119 91911-

39119191 191991 dieses 1119911191 bekannt 9191 199 199 11991199199 dem
19111. Ι1191191911139119111 191,“’99 1911 191119191 991 1999 1191911. 1199993
’ 99911119999911 91911 1199 9119 991 1199111911’191399199119911191111993199 1
119119191999 (199111 191 1911.“11191191919191993 919. 991 11199999) 1911193911,
9991919 9991 191 1911. 11911 993991919191991. Τ199993191199199Β999939
1919191 991 1119 39111139 199991991993 199 19999399191999119911999919-
999199119 19 999111 1919111199 11191119199 (19999199 91191199 191. So 19· 9
9119919 (119 99191 dem 17. 11911991 1864 99 119 199991. ,11991119 3911911919, 1

z , im 99991999.199.3991911991391939919999 1nstru0t10n,‘we10he anter

191921111191879 durch 1199191 199 191 9. 09931. 199919. 91199 deutschen
1111911199 99391911131 99119. ’(1911919 9199111919 991119111191911119999199·
selben 1919119 9191191 1791199, 191111. 1111919992. 191. 1. 250. 11919 8.

ι 9999191991.)

0199199 99 9191 1911919 9191119199 111991919919119 99199119 1911991993
119391191999191 91139991991 1911.ι 1119199399911919919119991 9199199 919199-
’ 3919191991 0999919199 39399 9199 1999911199993 9993999199199 19199 (19131.

’ 9. Β.11191191-11999,111191991.,1191. 1291111911), 99119 von protest.

Seite 991 199991919 19 1191919999. 9111911999 119999 39399 199 111911199191999
Β199199 191 11919911 91991 1999919199 1919191999 9119199. 11991919991919
993911119911191, 99 111199 19 191 11119999 8199199 99119919999191919199
1919391911991119(Β1991991913-19999919) 99391 119 Eheu von Ρ19199199199
99399 1199991 9191991. ’1199993 999 191 191191199199 1111919 919 9939111319
11991191. Mau 191191 9191199111 991 919Ρ191191999991991919391911911119,
welches bei 11191111993191 (11911919 991 1191911993 111 119 1991131191 1911119·

- 99111999993919191 1999 concil von 111991 9919199119999 1911911199 91399399 991

- 991919919919191 »1911911919 Β199119919 119999 9199 1911911991 1191111919
3111139 Ehe 9919911199999 191 111919 Ρ191191 991 9991 199399 991 99119191
(11999 1119111919 11199911999993 199 1911139 1991919991 9199199399. 191 991191

 

