Ι 140 1666666666616616666116661 28. 11616 18821

, 61161611666 6111611116 6616616116, 6166 116111661166 (16 nombre des
ebsenees 611166 166111611166666.

Les 11161116 (16166666 6616616661616 616 commission 66616116.
166 66116 11161116 1666166 legitimos 6661166 suivanls': 16616116 de
1661661, 1166661166 16616116 (16 16 16161116, empechemenls 1666111161

, 11616 (1111166116 666116116116 (166 communicatione. Les 661166ι 611666-

6166666 6166611666611616611 161666666 661661 6661661661 6661661666 661
16 commission. ’

Ari. 11. 1661 (111661661 (166616 61116666166 66 6616 661666-
161616 661 6166611611666 de 16111616 precedent, 6616, 661161666611116
16 666161166166 66616116 61 de 11666661611 611616116, (161616 66 6616611
(16661.161666161

Le 6666611 (166611616611161 666116 616666661 166 661666 solventes:
111616666611666 2⁰ 16 6666616; 3⁰ 16 6666666161 6661 66 6161666 “
611666 66 66616 recidive (1666 1661166 66616116, 6661 11616 mois
666166. ·

Ari. 12. 16166666 661661 66 6616 6166116 (16 166616 666116

' 1616 (16161616616, pendant eu moins une demij0urne‘e·, 6666 ’166111-

· 661166 61161166 66116 666161166161 municipale 66616116, 16 6616, 16
1616616616 personne responsoble 6616161116, 11616 jeurs 66 616166
1161611666666166161116 (1666 16 66116 (166 66166 (16 16 6161116, de·
s 1661161116666116166166, 661 161166661161616161161161616161161
6161166616 666 devoir.

1166661161166-6616661611611,661616611166116661161166, 166661- -

· 61166166 6661166616 16 peine 6666666 (1611616111616 6611611

Ari 13116 666116 recidive (1666166 (16616 61616661 66111661
16 premiere 1111661166,16666116166166 municipale 66616116 6111666616
116661161166 pendent 661616 jours ou 6661616, 616 66116116 16 11161116,-
’- (166 nom, 61666616 6166611166116 16 66166666 16666666116, 61661611-
661166 (161611161616 6661 1.611616

16616166 peine 6616 666116666 661661661666 661 1611661666
6116616616 661 prescriptione de 16111616 9.

Ari. 16. En· 66611666 nouvelle recidive, 16 commission 66616116,
, 66, 6 6661161661, 11666661661 6111116116, (16116 66166661 6666161616
66 juge de 6611. 111611661166 6616 considendo-'comme une 666116-
1661161 61 666116 6111611161 condamnation 661 peines de 661166, con-
’ 1666616661 661-61116166 419, 480 6166116616116 Colle 66661. ·
116111616463 du meme Cede 6616661166116.
Ari. 15. Le commission 66616116 666116 66661161661 6616616
’ (161666166161166166166616616 661661 161661, 1616666 6661 61 en
161661 ’16 1166166116 61611166, (166 dispenses (16 1166661161166 66616116

 

