1661161161 111611 66666316, 6111666 1111366611 666 666366 ’661
11113666 1011666 Κ1611666 des 11661616 106 661 Au 111 61166616 ¹
Widerspruehe„ 11666616 erstem 111361166111161, 6616666616 ¹

ι

1611666661611 61613661 16 6611611, 616 111611 [16616116 8066666116
war und 66 Ι661 661 6111661116 161136 1066168161111161166161111011
36366366, 16111666110616611666 111611 6631, 611666 ,61611 66186-
61613663 6611166 861116361161616 106666 86661111 tim 661116 1852 6661
1853 16 166161 6611661 Au 6636666 666 16111616161116116, 61 661

6611 1846 16 661 8611116 16 8066666161 6636616111 666 habe von¹ da·

' 666666 616 8611166661 zur 61663611666661111666 16 1611161116 361661,

was 6661 661 1111611636 666106661666166 6061116116616 1818,
18611, 1861, 666 1868 6160 3661666666 1852 06611853 66111611

v 1161. 11661 666166 6661 661661666116666366616 666 6661116166
’ 11013663 66666116, 3661 6616116 161101, dass 1611161 Κ16116631, 66”

661 616 161601166661 8161011661 11616666 111611, 11616161, 661 66636

¹ 1 101166681611161, zu ihm 3610161666 666 66636 Ρ6161Μ66161661

306 1111661161, 1166166666. 116666611ιᾴ1 11611. 61119661, 6111616161. Iacche.-

3161661666 663161, 106666 Κ1611 661 116366 661 8661613663661666 ¹

86161636116161686161111 16 166161 Kraft in 6168611616 3610166166
666 1666 <las (1616616 6636611. Η161666 6166111, dass die Angaben

. ᾗ 6661661616111611666666Ρ616111666661616611661136616 mfissen.⁴

6661116636 Philipp 1666661661 6116611, 16 666 6661166611666611-
1116611361 16116 6666 661 61661 8661613663 661 661661136Ρ 161161
86116161 661 (16163661611661 8661613663 61666 1161 16011166 6611016611
106 861166 61666 11113 116666 des 61663611661611111616610161661166 61·
111611, 616666 616111161611166 61166111, 11611 1161116666,661661661136
1 8161161106116613 616 61161 Μ666 666 666 11161 1161 6611166111 36116666
· 661. 611616 66611 61666 1666636 3161661611, was 661 1116361661
1161161361611, 61661 6661 dass 61 661661 361611 habe, dass um 111-
’ 16666166 66613666661 1666 616661661616 Ρ1611616111161111101666661.
6661618666666611, 16161161 1116 6616116161 166161 16 8066666161 war,

6111611 661 dass sein 1111166166116661 161811616366616116116111 ,
661 schrift 11666 8116666166 des 6101661661 11661166 11611616 666361161611
· habe, 616 Κ11666 661 661 863166611666 106 Κ616011166 66611111 wor-

’ 666, 66 66166 6661 6661 16116 1636166666, 16 16161166 dieses 61611 ¹

. 36661161166661 -,- eine 11666636, welche, 11611 616 61611 661 6166 61611

1161161 3611116666, dem Lehrer 16111-61663611661166Ρ16116111161- ·

1116116666 8116666166 6611661 und 6166166111611661816116661111163661
Κ11666 66661 663161, 06 616616 80136 61661 161661361663 noch 666
11616661 [1166666 und bei 161666116166161666360661 66 3666116666
· 661, 16166 8116661663 haben kann.

' 86 1666 66161 wohl 616111 111111 111616 1111116116 661 611166 1661661

 

