1911.
, 1111911191. ’

1. Das 1199199911 191 11111191119191 Ρ19199199199191191991·
1991999 1111991 1119991199, ord. Ρ191. der 1199119111 191

9199111919. 119. 9. 1111119. ‘Rerum J. 999199
(1). 999),1999 9991-999. 199.

Ι1991 11999199 199 11999919999911911119191-8999199199-
19191919119911999 (s. 919111911119199 ’119119 Archiv Bd. 23, S. .

182, Β1. 24. S. 141, Β1. 27 S. 180, Β1. 41. S. 192, 3145. S.
3591.) 9111 19999199 999 9199991991999919119919919111919 1119-
9919911 1119191191199. 11199191 19119991 91911119119111 191, 11111
199119 1199911111911999 99199119199 191199. 191Ι919199991199199
191 1919111119 die· 9119111919119111911999 19199111111191119199
8919199999 991 99119919999199991119191 999911911119199 111-
111919999191119119. (1999119919. 169 1.), 919 1991 199199991919
191 191 Β9119911999 199 111119. concils (9172111. 11119919. 179).
1119991191 9919191111 die 199 »1111111911991919 Seite, 9191991191 von
1191119991 191-89191191919911991191911919, 9991911 119 Β999119199
199 Vatia (1999119 99911119 9919 9911199, 91991 1919191199199 1111111.

, 111 911919991199199911191, 9119909911, wie die »Altkatholiken« '

1911991999919 99119199 9999999 991, 99111911199911991191199199
91991199 199919119199 9919911, 119191 91 1999991, 1199199919919
»rechtlioh 19191991991919991 91911119 11919 991919999. 11111991
1111119991 991 891911919119919199, 1199 119 9911919 099911 1919191-
1191199 Β1991119 199 (1119199191 11999 ,199 Ζ99919999 991 1911
91999 9199119919, 91911 durch 119999911911191191999119991919919199
19999199991991199191199 111199, 11111Η19991199 1199999 199, 'dass
119 1999119999 191 31991119 191199111919909991119911119199119199 ,

19199, »dass 919 9199 1111919919 ’1111191911 1991191 99111 19199, was '

9999991991 191 9111119199 19119 zum [199919119199991199
19999 991 11119 991 19191 9991 9999 11999199 119999999999199191
119191 9991991199 99199191119181119199199919111191999 Η19991199 .
991199191919199111999199 1991111999 191919 1999111191 »Die
hebro, 1999 191199 1199991999 (1999119919’91991999919191 111-
]9111919-119199191199999 99999991191999 99191, 991 19 9919191 Ε19·
9119991911 11191191 werde, 919919191, 991 ihr 119191199199 1991119991
9991111, 9919111111, 119999999191191 11191 919 9191 vom 11191-
9191119191 1911. 1111919 1999111919 und 199 191 119191 1918191919-
9119199. 1991191 1919991Ρ191. Dr. v. Schulte’s‚ 199 9199119111

 

